574457.77,215718.75,284966.12,294528.57,211575.83,231435.03,318977.10,285630.74,172856.88,98762.20,9126.66,-11827.41,-4531.31,137.24,1304237.31,991572.28,879590.12,830056.73,873721.94,943722.53,1054602.34,966655.87,715878.29,332753.19,49138.45,-16948.49,428.87,2475.35,2219185.08,2016316.46,2089293.99,1936441.64,1852176.52,1994703.94,2387374.78,2437028.89,1697419.28,650001.02,66875.06,-40035.85,2100.52,10957.13,3434656.07,3683245.28,3281699.86,3235215.40,2985947.69,3366708.70,3536047.38,3381990.51,2265220.80,849215.97,20338.84,-92716.03,-57307.08,11608.04,3698996.32,3343028.28,3597725.42,3004925.15,2995904.22,3659926.17,3757366.80,3356384.04,2311316.94,659130.70,-106558.28,-121626.41,-51610.25,4458.30,3432072.81,4072556.41,3504708.66,2650464.67,3593796.73,3236049.36,3276414.66,3204585.90,2442834.33,498692.36,-95843.42,-99648.73,-57603.16,6749.13,4305730.52,2976413.42,3100085.24,2594506.52,3402119.97,3127821.29,3259297.81,3421080.94,2573087.17,616052.76,-308035.40,-190491.22,-56053.84,-3111.01,1423659.40,1962826.08,1971359.32,1811866.91,1680425.99,2134804.73,2193443.99,1788623.20,1201137.03,-18525.85,-418186.64,-277345.13,-98529.67,-1299.20,43591.42,714775.21,624350.93,701544.50,647190.12,723846.57,1016196.86,909866.10,64786.73,-570415.11,-416166.37,-160456.12,-58460.37,-1748.01,0.00,35319.03,328866.10,286227.77,73653.57,257680.43,235651.26,-222323.38,-594387.26,-550324.00,-263711.25,-138892.64,-42835.20,-2082.16,0.00,0.00,24790.57,-62430.64,-323915.99,-382946.24,-445155.99,-268037.39,-341102.51,-294767.33,-133618.32,-49226.84,-31186.54,-4331.44,0.00,0.00,0.00,5630.73,-134997.28,-299327.16,-261159.45,-207615.17,-130785.60,-100503.42,-43000.61,-15291.25,-5868.36,-3049.55,0.00,0.00,0.00,0.00,0.00,-7250.19,-13102.78,-7878.61,-8099.42,-1940.28,-1550.99,-422.32,-387.78,-86.81
215718.75,391205.34,258473.61,266246.22,227034.17,265674.85,331736.04,319674.15,219071.72,134063.75,28265.64,-906.09,-1310.38,509.76,838821.44,756945.35,773192.47,785814.93,884970.00,982369.71,1147323.24,1082340.49,870050.36,468576.82,122588.27,8798.86,6449.47,4146.95,1457494.33,1496276.05,1809124.44,1869045.69,1894199.72,2116358.99,2467884.49,2529529.92,1933995.78,931735.47,195146.87,9658.37,11958.76,11554.06,2229221.60,2611150.84,2755991.63,2835302.22,2839293.89,3263761.08,3543690.36,3504980.68,2613414.06,1183996.60,176909.05,-26501.62,-17766.69,15498.59,2411722.28,2648281.74,2968645.73,2822019.17,2992208.79,3623651.47,3814506.64,3636520.19,2769683.14,1170698.32,98938.71,-68271.96,-26789.33,8937.37,2244119.32,2921294.95,2917916.70,2610669.47,3403027.97,3231241.92,3375012.15,3450064.50,2890645.42,1024104.85,145808.11,-49528.13,-31315.18,8808.22,2854734.95,2326492.39,2718904.61,2562279.50,3220133.10,3165030.86,3387538.21,3622973.06,2912332.54,967520.03,-111801.26,-155866.44,-52335.42,-3049.35,1004552.40,1598113.50,1906752.91,1934774.67,1969437.61,2372813.52,2536377.10,2246155.70,1736960.50,393275.47,-271204.07,-246011.26,-102641.20,-8068.46,27282.09,641766.85,804938.03,915165.24,905297.73,1018468.57,1258102.40,1127892.77,424941.65,-312480.12,-345157.95,-165393.13,-62175.70,-8015.43,0.00,28855.51,385431.80,433193.30,316341.02,450560.47,443467.33,79318.67,-273348.86,-414582.49,-229231.76,-139843.09,-53064.33,-5765.83,0.00,0.00,23570.44,15944.86,-141657.19,-199001.56,-258864.48,-132204.82,-231052.42,-232232.47,-121815.91,-56145.03,-36731.64,-7736.06,0.00,0.00,0.00,4068.42,-83575.65,-195884.06,-181032.16,-152969.23,-103004.82,-83571.79,-38947.57,-17672.41,-8788.72,-4431.82,0.00,0.00,0.00,0.00,0.00,-3933.19,-8347.47,-5739.53,-5383.09,-1110.67,-1163.33,-730.45,-713.04,-307.73
284966.12,258473.61,585911.36,376502.63,296169.90,359502.03,439625.84,432983.52,300871.50,181458.83,40543.87,2440.14,-1943.42,939.66,1160889.41,987074.81,1085487.45,1043419.34,1193833.70,1308005.35,1521591.04,1450888.63,1183665.32,645682.24,175937.82,20754.17,12787.23,5520.55,1970760.20,2032680.40,2417949.36,2552146.48,2619467.94,2933233.52,3313575.08,3371576.02,2585974.50,1336430.76,326113.44,63060.53,31241.81,16752.10,3026243.24,3596725.43,3737248.00,3860144.91,3895151.22,4516411.17,4864984.32,4780590.99,3642771.43,1790146.42,386859.97,54673.78,17796.71,26404.03,3224547.98,3728670.75,3995759.36,3962824.38,4089163.41,5000620.30,5305117.28,5092582.47,3887141.84,1762694.53,302090.24,-22796.74,10346.74,22696.72,3085685.32,3929411.92,4010939.77,3652823.32,4734951.07,4489953.95,4731379.92,4851160.03,4081097.54,1627954.88,407494.40,22511.54,-947.59,24123.64,3839837.51,3249246.20,3809942.86,3671073.62,4546011.06,4481677.02,4760127.58,4902822.94,4120301.45,1551341.24,54659.53,-85524.46,-20776.77,10194.23,1411499.11,2313996.15,2792709.30,2885352.74,2930637.90,3488952.68,3788511.68,3368866.34,2663070.34,898317.32,-142019.81,-229094.43,-86277.55,-2592.62,41075.33,955171.07,1195926.46,1368619.53,1317783.23,1505226.09,1830582.05,1743571.56,831421.81,-167926.83,-315677.05,-134136.80,-52756.65,-4595.42,0.00,48071.81,573157.87,657566.21,547115.78,727878.49,722182.43,275892.51,-177415.91,-406325.08,-220158.20,-137560.22,-49764.16,-2877.71,0.00,0.00,40554.80,77665.77,-102976.17,-172966.08,-241341.04,-82786.34,-221525.14,-241349.97,-125932.51,-52297.09,-37332.84,-7151.38,0.00,0.00,0.00,5610.51,-90758.59,-226692.30,-197826.11,-170637.19,-114412.66,-94053.60,-40328.04,-16651.72,-7217.02,-4705.46,0.00,0.00,0.00,0.00,0.00,-4030.67,-8424.41,-5462.70,-5481.87,-424.20,-898.55,-370.60,-609.86,-273.68
294528.57,266246.22,376502.63,689518.82,397868.90,384434.10,497529.95,506384.25,369671.74,229474.01,61101.68,8515.88,2597.71,1313.44,1071654.50,1069322.77,1150444.88,1234186.39,1308205.62,1466882.25,1741316.06,1682609.74,1399503.05,797852.58,246938.48,44656.26,25490.03,10230.85,1888981.79,2131760.95,2675059.49,2804922.08,2918290.21,3267545.94,3843658.01,3922127.69,3127271.65,1672331.72,468598.41,95888.53,54158.42,25232.11,2891072.12,3609591.08,4056098.09,4288938.07,4443244.83,5116192.98,5627236.17,5632552.13,4424545.60,2291610.62,599649.22,108825.23,33655.33,35953.48,3251298.95,3764072.83,4608575.76,4469175.39,4860904.99,5838919.04,6274765.96,6147555.31,4949533.03,2447861.26,562329.12,101464.85,44512.60,29800.08,2990100.73,4204450.14,4565218.96,4399451.28,5584217.58,5493904.70,5797645.87,5974988.47,5070473.73,2321815.52,687876.77,143046.88,54113.04,33973.20,3898240.15,3538432.38,4415330.79,4319097.39,5392029.69,5442224.71,5816544.83,6356275.87,5252854.38,2278849.36,345624.02,10653.99,4934.45,18494.16,1463894.00,2663236.28,3389502.33,3592439.35,3663057.10,4348211.37,4689288.14,4366995.21,3616188.10,1431958.73,53833.12,-173383.21,-72731.05,2371.53,42529.50,1208236.45,1654246.09,1917629.01,1965159.15,2191139.40,2610617.47,2465782.29,1435515.50,165007.63,-192608.12,-129051.73,-41841.99,87.45,0.00,60380.60,851614.69,1041490.37,934330.89,1158043.17,1163080.27,657442.91,127830.11,-266755.28,-168395.66,-121576.89,-45656.25,464.83,0.00,0.00,54954.61,198699.43,59354.99,-16104.88,-91284.95,64523.72,-121980.55,-202774.83,-114860.64,-48179.84,-35827.72,-7158.11,0.00,0.00,0.00,6808.90,-56628.49,-159147.99,-157405.53,-134135.81,-81883.65,-79764.17,-36064.34,-15331.86,-7743.44,-4872.26,0.00,0.00,0.00,0.00,0.00,-4287.39,-5633.44,-3367.78,-3853.49,879.95,-232.71,-258.69,-570.47,-271.59
211575.83,227034.17,296169.90,397868.90,590596.13,435930.56,432684.78,445672.45,350169.83,232091.22,85390.92,24901.91,6429.32,2499.93,741941.37,865149.65,1005559.77,1036795.39,1252694.51,1288164.51,1493506.25,1495467.72,1292826.55,820881.82,318245.64,88811.82,42153.65,12742.18,1341885.81,1703678.91,2244368.44,2487532.90,2597965.11,2913956.76,3340762.33,3385597.04,2777037.65,1736523.33,633197.68,212081.64,91030.85,27559.84,2034026.64,2724966.24,3256138.75,3547899.98,3756740.78,4308776.33,4781218.07,4821849.30,3982995.61,2354184.52,828526.48,261088.26,103129.05,41293.32,2204424.26,3068890.22,3653969.92,3909284.53,4163868.66,4983130.58,5478596.99,5502773.05,4473893.44,2576561.39,912494.90,284590.88,135418.14,43582.70,2112903.27,3193238.59,3740530.32,3886495.95,4798977.46,4907904.48,5223932.36,5387402.47,4704992.15,2600515.75,1075792.03,350424.54,140085.65,48543.40,2749870.09,2934687.60,3751472.53,3938175.25,4727296.11,4901479.51,5251758.08,5535350.94,4811128.52,2532902.14,794282.94,253413.06,104726.28,39292.27,1131183.96,2291784.76,3059574.19,3338140.90,3504824.52,4119493.88,4500154.69,4238323.72,3677235.06,1930383.45,502541.04,82487.71,38561.36,19426.07,36317.58,1066835.90,1615867.74,1908435.03,1980999.66,2213467.73,2548737.93,2535019.22,1785810.75,709670.15,175683.50,58048.60,30798.11,13283.92,0.00,60374.23,824752.62,1070861.62,1063290.12,1273995.24,1299248.26,960543.51,578191.09,155200.23,60237.66,4688.94,3212.08,10484.48,0.00,0.00,59497.90,282312.33,260444.48,231029.27,187875.56,313846.78,145031.29,17902.80,-226.64,5581.56,-6764.94,-196.67,0.00,0.00,0.00,5292.82,12982.33,-20553.97,-14856.79,-15522.83,7500.30,-9001.18,1092.45,917.80,1698.39,-1528.85,0.00,0.00,0.00,0.00,0.00,-2029.14,385.37,2604.22,1826.40,3915.56,1609.39,828.02,172.68,80.03
231435.03,265674.85,359502.03,384434.10,435930.56,676844.13,594226.84,503109.13,364056.20,238851.57,77549.16,18480.31,4783.17,2151.88,913010.01,964488.39,1166637.36,1191674.25,1315808.04,1579708.33,1786097.34,1641175.86,1423037.41,879549.69,305463.13,70906.24,30427.80,10015.29,1590763.27,1916122.08,2573144.09,2850728.15,2978305.37,3350920.78,3763515.68,3836901.94,3131053.29,1809857.95,573706.01,166600.69,70523.54,25232.14,2410737.74,3192244.15,3800981.20,4072667.81,4302147.00,4994877.98,5512809.75,5514286.50,4499739.58,2483612.51,741445.54,189574.58,74800.25,38950.88,2621761.62,3625491.94,4176205.22,4366478.90,4745620.48,5679392.75,6125022.55,6063790.74,4940270.86,2657480.46,728389.98,149851.74,79085.51,37624.25,2529590.06,3643812.92,4197527.01,4253039.10,5360009.76,5290759.63,5640253.20,5862683.26,5148819.55,2581757.35,882852.74,202815.35,87679.52,39168.51,3227942.94,3213425.30,4120984.46,4314042.64,5152447.84,5282587.16,5716472.99,6010836.39,5152650.15,2354896.63,487765.20,83285.91,38617.84,23148.34,1278885.71,2426338.44,3221520.23,3519267.45,3712853.07,4328497.34,4741084.47,4388271.21,3699839.91,1657212.97,211237.36,-101887.52,-45540.92,5695.87,33153.70,1118257.21,1633589.25,1908122.28,1948218.76,2177060.49,2532354.82,2405054.24,1518988.27,317665.38,-106664.97,-67599.19,-22871.22,436.76,0.00,56059.67,793386.37,1005622.47,967548.39,1167810.65,1195079.18,755581.34,278130.52,-143073.55,-111381.52,-92608.30,-36722.84,1277.49,0.00,0.00,52631.76,216153.92,136079.47,68799.32,10878.26,157121.39,-32310.47,-118994.85,-79253.58,-35947.56,-30064.25,-6187.91,0.00,0.00,0.00,5654.70,-29064.77,-113917.89,-104237.86,-90160.17,-56500.37,-59581.69,-24605.32,-12226.82,-5367.57,-4413.05,0.00,0.00,0.00,0.00,0.00,-2506.83,-3195.15,-1295.12,-1781.67,1872.80,309.87,-86.00,-548.70,-235.48
318977.10,331736.04,439625.84,497529.95,432684.78,594226.84,842394.40,755270.41,469443.61,268753.02,66747.51,4651.17,284.94,806.05,1217189.27,1247493.42,1464229.33,1490740.55,1651905.41,1833673.61,2261235.12,2126996.80,1699133.53,956622.88,279640.34,37506.65,22658.19,10063.19,2135003.13,2482644.38,3230061.21,3484075.91,3666817.20,4090481.06,4763715.10,4847638.80,3866385.07,2058076.59,525874.85,82274.23,49561.67,25898.83,3266343.15,4159070.01,4819236.23,5130364.80,5374603.50,6233828.86,6869761.86,6955881.94,5466339.62,2727707.16,583453.29,56416.84,5587.34,37720.09,3586016.78,4432408.13,5377375.15,5330454.13,5880244.96,7061529.67,7619510.23,7506685.38,6012230.84,2862705.98,510453.17,-4352.88,-2699.89,26777.28,3379637.91,4773894.86,5300695.88,5239657.33,6661970.79,6559972.18,6986463.97,7186189.08,6132045.54,2639691.76,638992.10,43748.76,2708.33,25432.12,4409444.18,4029128.68,5202268.79,5164827.69,6394397.39,6520236.09,6995599.95,7641264.08,6280241.43,2499983.06,170026.01,-145744.01,-67619.59,6153.85,1621644.58,3056942.83,3988668.30,4233064.67,4343256.82,5205337.91,5589434.19,5163971.58,4244933.17,1447244.59,-210438.72,-343890.63,-155047.05,-13754.48,51081.38,1355256.58,1950491.89,2257119.90,2279021.13,2556059.02,3009705.25,2807528.86,1531348.69,-58641.42,-444592.64,-264323.48,-93226.94,-12601.59,0.00,63177.40,975145.41,1205418.71,1083651.97,1323253.70,1316896.33,668709.26,7090.01,-499535.44,-309618.58,-215235.78,-86990.81,-8114.91,0.00,0.00,64317.70,216249.42,41913.22,-61701.30,-178070.38,10581.97,-236135.02,-323475.84,-183878.26,-88740.43,-63650.50,-14591.96,0.00,0.00,0.00,8122.55,-79769.51,-215092.80,-221182.98,-198947.42,-133271.54,-120916.55,-58510.99,-27815.83,-14327.73,-8579.94,0.00,0.00,0.00,0.00,0.00,-5083.37,-7910.64,-6647.47,-6452.68,400.76,-901.88,-1103.22,-1269.93,-639.04
285630.74,319674.15,432983.52,506384.25,445672.45,503109.13,755270.41,974687.69,681499.38,315661.92,84205.84,21867.98,6834.97,1849.28,1069962.19,1205277.48,1460651.79,1531370.69,1732429.71,1844600.75,2192455.68,2291366.15,1920481.12,1058157.89,350643.76,84973.23,45740.24,16323.72,1905086.27,2371288.24,3200290.54,3541651.85,3785108.63,4238378.72,4868082.05,5050676.93,4155133.39,2397678.81,757435.41,222511.68,102539.11,36560.87,2964011.08,4073688.47,4893222.06,5386925.29,5679924.29,6613259.71,7329348.13,7506368.21,6142391.35,3427490.84,1038779.30,273737.17,111963.82,54505.29,3310037.65,4454664.36,5525497.32,5774329.25,6309896.38,7589488.76,8269619.77,8382595.77,6909117.98,3727882.24,1058034.82,260533.39,121860.79,53335.58,3160977.08,4791855.39,5684587.06,5843715.17,7342479.11,7409482.53,7923860.16,8205318.64,7137485.69,3654960.89,1296878.03,334635.58,128803.43,55592.99,4161222.27,4305709.64,5716989.01,5864511.40,7133681.14,7430728.32,7980980.09,8621579.80,7348662.33,3525617.37,854357.43,169878.37,61850.60,35534.49,1661371.04,3438525.59,4631601.64,5030577.32,5245949.05,6150723.87,6681615.31,6358898.98,5446209.94,2526363.82,399483.10,-67516.60,-33302.97,9711.28,54603.43,1628214.44,2468007.59,2876808.35,2951766.04,3290685.65,3822598.24,3774927.59,2537809.87,778214.89,8900.62,-68548.57,-15120.42,5611.54,0.00,89789.30,1291052.61,1667445.50,1633634.01,1918834.76,1943949.55,1352075.54,709164.58,506.66,-57132.96,-90016.10,-38337.18,5006.55,0.00,0.00,94105.72,448225.99,402234.54,328430.40,232433.70,379910.74,91467.49,-88026.13,-72460.95,-35421.92,-35725.84,-7216.46,0.00,0.00,0.00,8839.74,7363.40,-56222.27,-66565.93,-73618.89,-33395.06,-53359.81,-22537.39,-11861.17,-5798.79,-5666.59,0.00,0.00,0.00,0.00,0.00,-2141.07,635.71,862.89,305.30,4305.79,1377.21,216.68,-521.75,-286.51
172856.88,219071.72,300871.50,369671.74,350169.83,364056.20,469443.61,681499.38,660448.48,356647.15,103055.75,33345.85,14662.56,3056.27,570369.33,824416.81,1061924.30,1168888.35,1312370.04,1406731.08,1586093.54,1670966.50,1569844.89,964495.11,380594.12,128823.50,66510.50,19724.21,1083994.70,1608982.21,2289336.49,2630464.96,2862747.92,3198204.13,3672022.22,3801432.44,3302374.29,2156266.39,874338.94,328437.52,144697.37,40885.98,1676830.83,2690533.68,3496042.25,4000692.29,4325396.49,4971184.23,5590044.96,5757808.10,5005399.33,3240166.27,1317632.33,485046.20,209293.41,61045.15,1976835.90,3090826.46,4122567.03,4509894.04,4973910.41,5901823.87,6510724.89,6749061.27,5887529.83,3694583.51,1477912.41,548934.77,254100.37,70634.52,1901215.15,3319305.59,4326727.86,4715747.91,5755150.14,6007807.10,6506928.85,6783709.34,6063522.56,3775635.13,1714850.44,632294.34,273690.37,77451.21,2536264.73,3246484.53,4462397.75,4745469.36,5673917.95,6078257.76,6541666.80,7038550.13,6247667.16,3703026.46,1448039.54,552028.89,222068.07,64403.28,1163605.01,2765197.72,3842452.60,4344214.85,4588522.79,5275095.93,5805986.02,5714334.74,5125437.15,3034573.13,1067940.96,326365.45,139501.22,38695.50,39509.15,1428202.81,2268399.68,2697530.75,2838185.23,3158668.49,3606290.62,3673549.99,2909754.57,1556971.85,579917.86,206048.44,97051.90,28720.66,0.00,89300.68,1227607.15,1645601.88,1736366.51,1980562.90,2034622.53,1747488.06,1327710.89,625148.24,283054.71,108679.08,41801.84,21042.16,0.00,0.00,89057.33,533979.58,649879.16,637877.96,611824.30,680572.41,450348.99,221623.49,88156.86,47887.41,14045.30,4855.54,0.00,0.00,0.00,6632.22,102427.84,145103.53,127502.48,103752.83,96552.96,44748.32,28192.62,13357.54,7056.11,100.16,0.00,0.00,0.00,0.00,0.00,2075.51,9760.58,9259.72,7780.40,7376.92,3682.95,1930.80,710.31,265.96
98762.20,134063.75,181458.83,229474.01,232091.22,238851.57,268753.02,315661.92,356647.15,348763.98,141090.77,37862.79,15804.54,2934.65,242898.27,504816.11,653847.04,765375.74,814439.66,888302.07,994677.46,1001624.88,911015.20,714585.85,356197.99,133400.12,64160.82,17470.69,512985.80,975608.48,1369390.77,1624821.74,1775211.81,1965350.28,2284222.55,2336125.37,2120039.61,1539648.45,754941.51,303395.97,135506.15,34696.62,770685.11,1444656.07,2053106.72,2377378.45,2616731.37,2892541.66,3289414.42,3432838.82,3114809.28,2304052.73,1137866.02,476962.86,201298.77,52252.35,974310.67,1742789.99,2561160.41,2850482.75,3196425.72,3649895.36,4041795.84,4198395.66,3857990.57,2754177.60,1371738.73,597149.61,261064.57,62305.76,967910.75,1904069.54,2681609.09,3049540.60,3530994.02,3836224.28,4227915.90,4405802.18,4034880.28,2921185.15,1526048.35,679482.92,292285.36,69988.95,1285959.64,2032881.24,2747165.70,3011789.16,3547938.15,3939852.28,4236448.80,4523949.53,4112079.33,2924376.46,1431972.67,634826.48,265769.22,65976.85,657209.93,1801261.94,2469633.45,2887518.41,3077100.73,3531932.06,3896224.85,3953605.51,3658816.48,2520801.18,1177779.42,475935.48,204403.16,48478.89,24022.36,963023.78,1589749.63,1936075.78,2087900.24,2329620.12,2614151.03,2708613.22,2362414.71,1593923.91,759949.61,307750.34,141800.92,36941.85,0.00,67169.78,896341.25,1237627.34,1360086.82,1525940.66,1584610.39,1532389.08,1328457.73,820282.12,413830.36,193795.51,79073.67,25853.92,0.00,0.00,62756.81,437822.18,599955.51,636945.63,646153.04,651900.90,520705.83,328401.48,157149.43,82731.17,37356.54,10899.06,0.00,0.00,0.00,3635.37,118962.28,197288.68,186682.96,166656.72,135910.00,83370.29,45496.63,22989.84,11994.98,3500.65,0.00,0.00,0.00,0.00,0.00,3565.31,10570.90,10428.80,9185.14,6917.04,3732.47,2276.16,1205.09,518.54
9126.66,28265.64,40543.87,61101.68,85390.92,77549.16,66747.51,84205.84,103055.75,141090.77,128730.69,54358.50,18064.98,2614.11,-98971.46,120985.29,179246.48,265299.62,239568.15,257841.37,273716.86,311795.55,303132.84,315238.51,265994.41,137017.23,55713.60,12378.60,-92935.29,209334.55,336538.27,479058.01,546726.33,589340.14,635518.11,644551.14,742994.80,795020.97,554723.03,270404.58,113326.38,24183.17,-154092.98,176040.18,489218.26,664470.62,794675.87,780485.05,932426.48,1005861.93,1160493.39,1286072.02,901514.98,434069.32,182449.62,37193.44,-92158.07,362670.23,772431.50,1030136.09,1165257.13,1190847.53,1377562.34,1534907.91,1636650.23,1624638.52,1138120.32,572252.53,244948.76,49725.42,-16216.25,405058.82,904534.57,1245975.38,1251437.16,1551833.82,1754846.58,1838251.45,1800308.80,1886383.14,1241228.90,629674.68,273496.12,57123.17,-24390.91,720836.88,956890.12,1264293.53,1358223.19,1652593.83,1782352.68,1781754.38,1816050.43,1918401.65,1298604.73,649565.88,271688.88,61096.30,152693.32,750461.20,1052625.28,1349311.53,1488226.06,1656426.98,1869813.31,2010664.96,2015679.99,1883077.64,1185153.80,560510.74,243403.23,52068.42,7628.04,477633.12,847859.59,1076105.08,1213246.31,1338430.79,1455867.27,1601300.68,1671862.05,1486393.32,857592.50,383096.83,164544.01,39934.47,0.00,43056.79,515265.29,750686.65,892455.02,985227.76,1047114.49,1177153.15,1201749.34,924800.12,489010.75,253586.90,104192.70,27979.70,0.00,0.00,39856.91,333263.57,528888.51,598211.51,643946.37,602747.25,559653.17,416012.90,211068.46,108188.16,56715.97,15838.96,0.00,0.00,0.00,867.45,131346.00,240791.10,241284.42,218516.17,171702.79,118901.97,62701.70,30828.17,16601.95,6507.25,0.00,0.00,0.00,0.00,0.00,4059.45,11765.95,12090.69,10675.56,6461.06,3780.94,2461.61,1555.09,755.57
-11827.41,-906.09,2440.14,8515.88,24901.91,18480.31,4651.17,21867.98,33345.85,37862.79,54358.50,38926.76,15505.43,1784.85,-105601.30,1372.38,21459.89,65360.46,44941.97,47897.04,33776.17,53796.68,84321.94,114626.49,119512.22,77115.95,34473.06,6582.53,-145798.42,-17665.47,26508.35,90707.86,109009.07,115138.80,71366.12,73125.31,187557.20,329928.80,282252.89,152802.10,59974.45,11665.94,-227393.43,-91232.84,40686.71,115076.24,170024.35,132607.79,168781.60,166646.60,352443.92,580190.77,490223.18,243390.37,109610.27,18801.16,-205870.93,-4336.81,144903.90,291339.58,318308.94,291652.13,373921.34,441839.86,577093.43,774489.51,613185.84,322546.18,141693.28,27326.76,-155445.24,12330.11,227707.02,432731.34,355140.87,522065.76,591969.08,631955.21,654689.31,927341.37,680388.08,354356.84,159975.22,32863.61,-229775.86,212913.50,281160.27,477265.07,443256.37,566822.72,636553.14,558351.86,691755.17,932342.01,732556.98,382764.43,161859.53,35793.99,23851.33,278161.38,412808.39,571910.95,653288.48,663732.77,805074.02,876335.60,923824.88,1027276.66,704727.71,336787.85,148757.94,30586.50,1522.03,201003.18,357401.35,468406.60,536276.29,588632.27,630110.50,733737.86,852921.07,841145.00,515019.04,240004.51,98388.19,23800.28,0.00,22468.10,217731.79,328514.24,420094.27,463290.95,499059.17,604781.86,657659.23,539467.02,287210.40,157721.42,64690.27,16555.02,0.00,0.00,19301.84,166285.86,280126.23,321554.21,359714.88,331030.69,321839.85,250818.90,127179.72,66967.95,37338.47,10259.37,0.00,0.00,0.00,37.49,74107.11,142341.73,143927.31,131000.47,102591.63,72170.01,39227.30,19609.66,10618.37,4351.53,0.00,0.00,0.00,0.00,0.00,2557.82,7401.39,7496.75,6396.93,3476.07,2232.15,1542.49,990.40,485.93
-4531.31,-1310.38,-1943.42,2597.71,6429.32,4783.17,284.94,6834.97,14662.56,15804.54,18064.98,15505.43,9071.22,1157.32,-49118.01,1329.53,8122.99,25438.07,13419.75,18312.54,7897.79,15989.37,32737.10,51292.36,49249.96,34300.68,18716.94,3807.01,-67546.16,-10181.60,6461.75,25846.28,34125.30,29807.81,20619.82,25056.89,87001.86,142947.44,127704.29,66286.54,28849.63,5616.85,-103376.19,-41570.64,27838.30,49347.35,76495.98,48832.40,65035.30,69976.85,153521.89,260156.35,224828.10,109911.89,50464.56,8843.41,-77811.22,-25350.61,98586.74,113288.59,166642.75,132648.76,165972.40,181202.39,278092.23,360163.26,280984.24,150858.38,64776.15,12322.47,-62277.25,18736.97,109043.66,204144.22,156371.33,230962.40,271099.41,288827.73,290596.59,427090.06,303285.59,165588.19,78629.21,14811.29,-88032.07,93494.23,127714.32,206509.47,197004.06,252724.75,294931.11,278762.08,316362.14,429880.62,334072.19,177425.76,76093.67,16463.09,8988.17,134991.43,187626.77,265340.61,292253.70,299652.82,359233.94,402802.14,425222.71,464435.51,323378.36,157456.26,69406.16,14172.30,843.55,98586.14,167374.98,222333.65,256015.31,280950.79,301960.39,343214.41,398853.47,393003.51,237139.48,109423.45,46754.16,11252.79,0.00,10650.47,107815.85,160096.24,202385.14,221753.56,238544.96,289135.99,311324.74,252841.32,132666.81,74382.25,30900.06,7695.42,0.00,0.00,9025.70,79632.46,134306.77,153386.67,171043.39,154542.19,149253.75,116427.86,58564.86,31586.92,17629.73,4765.67,0.00,0.00,0.00,93.61,34767.93,67303.98,66624.33,61746.99,47901.75,33171.33,17950.19,9256.86,4824.60,2005.26,0.00,0.00,0.00,0.00,0.00,1353.49,3551.42,3455.59,2971.16,1621.00,1103.63,739.55,463.99,216.60
137.24,509.76,939.66,1313.44,2499.93,2151.88,806.05,1849.28,3056.27,2934.65,2614.11,1784.85,1157.32,599.80,-4314.16,3594.38,4424.21,6874.06,5206.40,4686.16,4335.37,6722.46,9394.86,12206.80,9839.48,5184.79,2456.23,720.87,-3804.51,4533.66,7790.26,11344.13,12555.73,12799.62,9999.74,8668.87,15574.40,27449.45,23194.43,12566.42,5235.36,868.24,-4264.56,4234.84,16542.98,16458.06,25076.23,21446.61,26254.03,24531.35,34916.38,50373.05,41659.90,20880.96,8926.76,1623.96,-2958.51,15555.29,25392.66,33532.32,39190.10,34941.30,43154.22,47347.27,54693.31,62760.56,51670.73,26467.15,11873.46,2186.64,-2812.49,8639.08,24646.73,42802.22,37176.78,47179.81,52090.55,59407.17,57220.86,76764.26,53713.40,27336.25,13306.31,2713.75,-4976.36,26083.35,26208.06,43917.18,45927.17,49933.16,55190.74,47751.97,56982.81,76600.33,56777.89,30226.49,12832.21,3164.42,6947.62,25186.57,35353.05,48672.67,52343.15,56919.55,67566.68,71541.43,73645.81,80658.74,55505.74,26150.14,11735.88,2444.19,-32.48,16770.79,26335.43,33825.91,39499.58,44072.33,47491.94,54111.35,62770.02,61094.41,38312.20,19073.34,7894.17,1824.32,0.00,1427.63,15517.23,22492.58,28144.11,31916.14,34630.87,43589.91,47245.92,39642.52,21401.37,12261.13,5271.86,1346.36,0.00,0.00,1062.46,11184.70,18921.64,21869.18,24799.40,23504.36,23380.59,18281.89,9535.46,5402.04,3026.04,810.86,0.00,0.00,0.00,-12.41,5223.26,9557.66,10473.52,9599.55,7475.29,5453.07,3031.41,1574.49,870.03,359.82,0.00,0.00,0.00,0.00,0.00,159.83,440.03,544.72,475.18,268.15,178.10,130.41,84.03,40.34
1304237.31,838821.44,1160889.41,1071654.50,741941.37,913010.01,1217189.27,1069962.19,570369.33,242898.27,-98971.46,-105601.30,-49118.01,-4314.16,5953916.49,3746507.72,3285372.56,2979276.48,3312362.53,3577018.07,4066341.81,3623822.92,2643225.10,934038.36,-217803.76,-302623.36,-111881.29,-16937.04,8835998.57,7457504.81,7913301.28,7363599.69,7002283.73,7693230.58,8850919.83,9193376.58,6031028.54,1546669.60,-680142.61,-592073.19,-204792.87,-5585.72,13672530.42,14376344.92,12537255.60,12140139.40,11118729.30,13031161.57,13437851.94,12645810.40,8004286.92,1724723.42,-1392236.93,-1068356.79,-483998.28,-15936.18,14362655.16,13304648.22,12752017.10,10764836.42,10406743.81,13253609.63,13338428.52,11666113.64,7099984.83,262533.91,-2415476.80,-1622905.82,-639386.65,-59120.22,13471362.93,15096384.46,12360673.05,8642656.45,12606858.30,10402938.10,10326837.83,10139288.92,7429947.36,-936660.48,-2472267.95,-1626790.97,-744651.07,-73417.58,16593171.31,10543127.41,10799853.11,8722403.03,11506224.15,9983904.25,10397573.88,10510844.41,7553837.80,-985870.30,-3695041.31,-2029974.05,-741122.36,-129066.93,5352218.85,6346780.84,6171769.40,5197971.60,4665735.41,6037994.73,6176848.14,4142615.82,1673487.45,-3186606.61,-3888039.89,-2258471.75,-890196.22,-117196.13,150511.95,1945710.86,1020333.14,888876.37,297562.58,410465.21,1281934.23,679038.98,-2780890.74,-5146804.84,-3419117.15,-1386161.35,-575709.68,-97906.17,0.00,60498.39,249296.23,-371770.82,-1358647.97,-858261.56,-1045351.41,-3056370.73,-4605032.99,-4053933.76,-2076802.05,-1093851.28,-398679.16,-69870.44,0.00,0.00,28391.16,-866104.28,-2231651.47,-2631728.28,-2963066.22,-2188486.85,-2439628.72,-1969052.46,-963897.72,-426993.64,-247607.71,-52360.47,0.00,0.00,0.00,19345.12,-785950.66,-1662535.96,-1482253.34,-1257285.16,-877102.25,-647114.03,-298109.95,-127663.64,-58501.54,-26695.30,0.00,0.00,0.00,0.00,0.00,-30914.65,-71668.80,-53745.16,-50693.27,-20346.97,-13402.40,-6790.25,-5090.43,-2024.32
991572.28,756945.35,987074.81,1069322.77,865149.65,964488.39,1247493.42,1205277.48,824416.81,504816.11,120985.29,1372.38,1329.53,3594.38,3746507.72,4397086.15,3300177.36,3208073.52,3556632.47,3791353.16,4343720.50,4205719.74,3314213.76,1802354.87,529863.35,98699.33,67554.50,24282.69,6436306.03,6531414.57,7386964.15,7498957.55,7576349.62,8364138.59,9742237.89,9988909.35,7586391.92,3840919.57,1039080.17,213870.21,137624.92,64943.10,9966397.56,11420423.12,11666709.54,11723843.76,11592898.51,13138941.82,14116316.15,14045058.87,10301652.19,5010424.24,1282042.82,191771.22,39856.32,84249.53,10790767.55,11039168.97,12754044.97,11600316.29,12333651.95,14644662.23,15521732.95,14588058.51,11162766.84,4933752.66,1106329.37,159863.84,37107.89,64183.36,10060998.72,12715149.67,12436732.83,11117238.85,14133675.66,13609580.68,14209485.00,14445001.87,11593305.79,4746353.46,1258646.03,279086.69,75590.24,74071.18,12830303.89,10271972.87,11694870.08,10939234.36,13799634.41,13397746.79,14413809.32,14990354.26,12043233.07,4866638.96,469964.36,-113843.55,-8426.64,49886.04,4527811.92,7484951.04,8566174.06,8685440.98,8542584.68,10415280.33,11049313.92,9977366.48,7848187.42,2675495.60,-161452.54,-461844.92,-176746.63,16769.23,140052.65,3039071.74,3664578.10,4211500.00,4163585.96,4708455.47,5809171.43,5579792.43,2753894.54,-135740.51,-611460.15,-264008.16,-74576.14,14949.27,0.00,159873.18,1914858.05,2187625.68,1760604.89,2390165.47,2404077.57,1076527.31,-280775.01,-885229.96,-440604.01,-290500.08,-83337.51,10909.08,0.00,0.00,131017.56,315622.98,-223460.29,-379341.52,-584799.70,-91940.82,-478956.03,-578030.87,-274930.03,-99392.09,-77243.49,-9229.00,0.00,0.00,0.00,18654.61,-249059.11,-641647.81,-546006.36,-446241.70,-267401.43,-224743.84,-94685.16,-34132.12,-12859.48,-8450.67,0.00,0.00,0.00,0.00,0.00,-13908.19,-26414.54,-13810.03,-13884.22,1551.78,-807.61,272.31,-686.12,-158.38
879590.12,773192.47,1085487.45,1150444.88,1005559.77,1166637.36,1464229.33,1460651.79,1061924.30,653847.04,179246.48,21459.89,8122.99,4424.21,3285372.56,3300177.36,4855276.34,3728351.25,3987586.26,4423434.14,5163247.69,5040086.80,4161119.95,2358965.66,747441.41,157773.10,87677.51,31320.51,5810728.20,6372654.22,8075868.29,8322543.98,8739932.84,9817612.03,11389523.16,11700511.92,9320355.32,5059296.86,1483753.05,360405.39,194310.66,79616.44,8950088.42,11150551.18,12278445.26,12867192.64,13332096.10,15305736.08,16735964.78,16856244.39,13161236.47,6924116.05,1939054.78,446857.54,139082.74,112904.58,9797177.02,11440504.23,13725344.06,13332555.30,14544556.48,17284510.43,18513026.09,18153844.03,14596498.30,7190978.28,1836916.44,382077.75,153455.36,94599.12,9219686.99,12547532.63,13545056.63,13086428.95,16511872.24,16212512.89,17177119.37,17720302.54,14939846.99,6921442.54,2125727.23,479408.18,173508.11,98428.46,11836955.46,10657718.99,13088712.93,12892199.04,16000523.61,16141167.97,17288731.05,18536275.73,15343139.78,6777731.14,1121966.43,75676.35,28368.30,61333.46,4404327.61,8029738.15,10051379.63,10647144.43,10794417.20,12914057.48,13887495.78,12912107.17,10635582.09,4270176.43,254908.28,-428404.41,-182912.20,11944.38,134716.96,3583614.61,4885228.43,5668869.71,5760216.23,6450134.46,7665337.81,7331615.81,4294557.40,614833.24,-475565.94,-306645.04,-90056.28,6207.25,0.00,183525.74,2527343.90,3094632.52,2805857.27,3457148.86,3495660.94,2063199.39,521283.15,-642401.73,-396766.65,-316841.98,-111806.34,6286.16,0.00,0.00,169667.44,632517.19,244162.38,54863.81,-175709.67,277692.21,-269257.78,-514952.82,-284886.43,-119898.94,-98092.70,-17468.21,0.00,0.00,0.00,20079.82,-154901.66,-462234.83,-427101.82,-365291.11,-223574.85,-214862.02,-95775.68,-40513.54,-18879.65,-12904.40,0.00,0.00,0.00,0.00,0.00,-10972.08,-16117.49,-8928.60,-9549.95,4264.40,63.73,-300.43,-1407.12,-650.16
830056.73,785814.93,1043419.34,1234186.39,1036795.39,1191674.25,1490740.55,1531370.69,1168888.35,765375.74,265299.62,65360.46,25438.07,6874.06,2979276.48,3208073.52,3728351.25,5272845.18,4447263.02,4482355.34,5241457.72,5240310.33,4397943.22,2676927.85,1027642.13,305629.13,151651.04,44726.31,5312514.90,6376451.30,7899822.72,8875470.74,9107244.70,10144754.15,11784543.19,12027723.93,9877942.16,5962940.67,2173221.72,693195.86,321315.28,102830.98,8077665.53,10669783.95,12112536.01,12968388.23,13488403.28,15417052.36,16968789.95,17235127.13,13920685.60,8174684.33,2893276.23,971373.28,367413.66,152822.22,8887925.66,11249628.31,13734436.05,14024748.99,15130938.68,17909597.11,19308286.78,19201826.70,15857640.99,8859382.65,3135353.13,1035043.14,455941.75,157992.12,8580764.16,12186587.21,13945411.36,13841940.76,17179940.21,17301503.98,18589505.30,19124821.38,16551719.31,8919698.03,3602481.21,1270388.88,490326.09,167579.71,10976930.51,10904986.67,13695146.30,13776242.21,16766748.06,17496155.06,18668673.40,19728864.86,16910203.01,8906608.94,2732741.27,907831.46,382852.50,133647.93,4318417.82,8604079.84,10949501.09,11891299.17,12255996.78,14496755.65,15674250.43,14972001.97,12809713.38,6535606.04,1751509.49,337452.57,154030.64,76569.05,143378.44,4036884.24,5838289.64,6887337.02,7097114.79,7969434.49,9242768.67,9171175.66,6375141.60,2617067.04,685693.32,214845.55,137533.64,57932.25,0.00,235295.42,3109503.28,3993382.76,3957789.85,4649850.61,4756452.10,3617342.47,2185268.14,642364.83,293579.79,35285.23,32333.36,41912.52,0.00,0.00,213441.88,1058224.15,981134.00,886031.25,726466.55,1085560.01,504572.75,70002.51,13148.70,29830.08,-20008.77,3299.84,0.00,0.00,0.00,20256.53,36387.33,-104611.08,-72938.96,-58487.13,9062.21,-49093.54,-10044.97,1892.70,4660.10,-4158.82,0.00,0.00,0.00,0.00,0.00,-1927.02,1327.77,6581.62,5094.50,12612.20,4980.68,3008.67,694.16,352.49
873721.94,884970.00,1193833.70,1308205.62,1252694.51,1315808.04,1651905.41,1732429.71,1312370.04,814439.66,239568.15,44941.97,13419.75,5206.40,3312362.53,3556632.47,3987586.26,4447263.02,6126738.59,5485424.79,5900338.07,5878307.23,4966061.70,2895815.43,984163.85,228577.95,119815.53,41079.72,5850435.33,6951556.18,8991015.36,9634770.54,10481760.44,11523841.23,13213453.95,13584135.18,11087163.62,6431124.73,2040955.08,566485.99,260361.73,96823.88,8919354.59,11756468.88,13580811.21,14587021.83,15180613.22,17544534.21,19354485.87,19652205.72,15717593.56,8694302.94,2664099.15,735958.51,289568.81,141945.72,9831334.04,12441055.16,15046139.24,15437125.22,16725956.57,20091271.83,21736222.27,21616141.89,17629633.67,9253356.28,2663974.68,637632.32,298678.16,138422.61,9340345.17,13354487.65,15278110.74,15285479.77,19206503.09,19227507.89,20580036.16,21262149.04,18201810.72,9100517.63,3199151.51,834176.08,307830.71,144707.13,12096471.73,11859829.25,15194874.56,15206540.09,18705071.31,19254563.66,20677793.04,21948914.50,18644666.90,8905592.81,2058963.94,399489.12,159116.60,97544.28,4715979.49,9324687.94,12101439.54,13039209.21,13417339.80,15856647.59,17168326.61,16220129.78,13689037.17,6209255.00,945814.82,-169631.21,-77404.51,29878.91,152680.53,4295699.60,6272569.83,7289632.44,7391754.71,8341544.50,9748438.93,9537165.23,6210702.17,1769185.56,-31570.58,-144025.80,-19064.50,21452.22,0.00,236561.56,3253571.22,4128786.83,4001625.97,4729309.66,4792109.67,3328338.26,1596588.78,-102077.14,-144022.83,-227269.58,-83384.50,17938.67,0.00,0.00,221126.84,1005820.32,788065.25,596957.95,363725.31,824364.28,140952.51,-286073.62,-191972.33,-81922.84,-86034.93,-15060.76,0.00,0.00,0.00,22871.90,-44029.18,-283320.80,-269090.61,-251501.08,-133490.21,-162665.36,-67150.66,-29319.37,-12916.90,-13154.80,0.00,0.00,0.00,0.00,0.00,-5157.89,-5478.13,-1511.64,-2159.63,9984.26,2888.20,1184.81,-885.69,-527.90
943722.53,982369.71,1308005.35,1466882.25,1288164.51,1579708.33,1833673.61,1844600.75,1406731.08,888302.07,257841.37,47897.04,18312.54,4686.16,3577018.07,3791353.16,4423434.14,4482355.34,5485424.79,6992984.11,7150002.02,6306003.92,5279932.74,3138659.48,1050527.38,226678.67,114251.52,41938.07,6301641.44,7500497.69,9836254.03,10636788.92,11060617.65,12730433.78,14481704.23,14596462.35,11920352.23,6762907.74,2107082.48,532757.70,248877.86,99640.59,9510162.52,12578671.28,14538133.08,15726332.37,16330620.15,18883000.33,20795374.65,20978258.04,16862682.03,9133831.63,2606432.98,633608.78,235384.27,142952.65,10586379.55,13320045.16,16296451.03,16411027.27,17962869.37,21554514.32,23171385.20,22966281.89,18838191.87,9830282.75,2535067.38,542554.19,245361.72,136186.66,10029506.57,14485278.56,16394867.21,16137035.50,20474327.99,20314621.11,21693102.29,22345899.25,19338677.09,9358043.75,3068060.62,758099.89,279824.73,135261.50,12978892.61,12437302.23,16130979.45,16115002.95,19660728.95,20307355.44,21863634.96,23563410.31,19784455.95,8966663.82,1760613.38,249370.13,99248.77,72545.56,4990775.81,9641900.32,12559133.28,13546828.92,14034861.16,16496317.48,17854926.94,16799142.22,14123578.08,6037468.08,614417.63,-415237.17,-191954.45,16174.69,155095.57,4499863.32,6505445.04,7607105.28,7779170.07,8668050.85,10174950.88,9725074.43,6096036.96,1368121.65,-357473.92,-331605.25,-91979.53,8784.88,0.00,240153.70,3320258.00,4181691.88,4004576.11,4772471.71,4847440.45,3145729.18,1239393.04,-479750.13,-379699.17,-352305.91,-137145.40,7309.64,0.00,0.00,224379.55,938434.37,626539.05,379417.52,133196.95,662563.60,-82416.54,-470834.51,-302329.95,-139848.41,-116857.03,-23123.71,0.00,0.00,0.00,24727.86,-102322.65,-388349.82,-400592.04,-344581.21,-200792.16,-226629.23,-100333.02,-46361.89,-22827.60,-17088.68,0.00,0.00,0.00,0.00,0.00,-8265.06,-8823.72,-5170.93,-6809.62,7504.04,1344.15,-248.61,-1868.36,-896.02
1054602.34,1147323.24,1521591.04,1741316.06,1493506.25,1786097.34,2261235.12,2192455.68,1586093.54,994677.46,273716.86,33776.17,7897.79,4335.37,4066341.81,4343720.50,5163247.69,5241457.72,5900338.07,7150002.02,9207004.40,8286948.67,6417700.58,3588867.22,1122484.61,190800.30,98367.32,40302.96,7156040.20,8591754.78,11346536.25,12516575.60,12992394.35,14620141.37,17222817.47,17521581.98,13905169.49,7644576.02,2144144.53,458125.15,227013.08,102516.30,10879531.49,14355070.24,16857514.33,18140281.18,19013745.98,22033628.84,24322826.36,24681904.02,19560925.42,10036993.48,2420152.45,380618.05,126503.37,146655.03,11943056.19,15339399.63,18577798.43,19005148.73,20631074.87,24868550.96,26857133.88,26716190.06,21447306.00,10761408.33,2282311.39,246929.59,107403.69,123526.54,11426080.63,16315772.00,18852211.21,18584949.35,23650686.96,23550885.28,25079017.40,25777976.57,22316939.70,10115440.62,2841133.68,460626.24,91777.07,107131.17,14901617.67,14092529.35,18556574.87,18677218.66,22659525.48,23534041.53,25392331.37,27453081.62,22853596.22,9657130.15,1232016.04,-268621.73,-112479.34,30036.79,5698663.20,10906552.81,14390999.39,15348104.74,15997869.93,19013954.84,20397494.78,19113264.28,15968628.68,6070148.00,-159617.20,-954790.38,-440134.52,-26773.11,169257.37,5039165.27,7366531.10,8559800.42,8704177.21,9774364.93,11402705.16,10763703.59,6393261.80,677286.04,-1055391.72,-701808.37,-238722.75,-23551.55,0.00,243224.93,3696801.37,4648380.61,4299064.85,5162597.13,5185172.98,3044607.07,749959.27,-1222488.26,-825936.36,-625379.76,-251662.30,-16313.40,0.00,0.00,240635.93,953659.20,478041.51,135016.35,-237578.62,404930.38,-481552.74,-874471.71,-529531.01,-261058.14,-194867.78,-44326.70,0.00,0.00,0.00,27891.64,-194893.51,-607990.92,-618612.16,-555664.90,-361745.15,-351937.81,-167144.73,-82223.02,-42167.50,-26972.18,0.00,0.00,0.00,0.00,0.00,-14495.19,-20373.43,-15033.19,-15105.82,5372.23,-984.60,-2536.05,-3788.40,-1888.96
966655.87,1082340.49,1450888.63,1682609.74,1495467.72,1641175.86,2126996.80,2291366.15,1670966.50,1001624.88,311795.55,53796.68,15989.37,6722.46,3623822.92,4205719.74,5040086.80,5240310.33,5878307.23,6306003.92,8286948.67,9794376.93,7611729.67,3801117.71,1223259.57,298958.42,155794.42,51853.83,6490063.87,8194779.78,10921996.98,12188064.65,12932280.17,14378010.94,16699151.04,17941221.60,14693063.36,8114977.94,2490964.32,711501.42,349606.39,125081.19,10129530.54,13892038.30,16846435.33,18268319.57,19431165.92,22401195.26,24788417.31,25667797.34,20645071.36,11206672.87,3240505.48,850603.09,303235.10,181617.07,11110172.05,15041102.53,18731201.89,19617646.70,21464404.48,25585548.20,27830304.01,28343920.13,23167199.37,12216828.20,3469309.78,823238.66,333586.57,164249.01,10713758.02,15815248.65,19179997.67,19624074.51,24533724.60,24884349.32,26699424.87,27691292.70,24036029.91,11962677.20,4031423.68,1025022.94,309133.16,152744.60,14183749.25,14412033.24,19153723.06,19551811.66,23844064.79,25055759.44,26911921.88,29161623.96,24559422.20,11716471.65,2554744.61,311788.30,91961.18,91186.31,5576268.59,11543933.24,15410494.29,16639182.64,17327885.58,20678768.68,22154972.15,21269183.08,18117359.48,7936964.34,950730.19,-390439.94,-212645.97,13033.24,178690.48,5431925.31,8290152.98,9644970.89,9917804.53,11132808.43,12904845.88,12631788.93,8327930.35,2317899.57,-175935.56,-354622.78,-81682.69,9167.25,0.00,275970.22,4347718.35,5620046.80,5414780.32,6309087.69,6394424.61,4480734.21,2232346.21,-175197.66,-263336.65,-378893.66,-154316.58,9174.05,0.00,0.00,290736.81,1459397.63,1260517.80,1031416.47,648349.03,1122588.76,175440.21,-425982.19,-296365.08,-157859.58,-149560.63,-32054.27,0.00,0.00,0.00,28700.78,993.43,-265502.89,-286353.06,-303836.80,-173727.98,-211989.22,-102994.81,-54574.91,-28312.02,-22016.88,0.00,0.00,0.00,0.00,0.00,-7990.53,-7140.20,-4011.02,-3065.03,13351.74,2982.14,-417.29,-2532.79,-1390.56
