{
 "cells": [
  {
   "cell_type": "code",
   "execution_count": 1,
   "metadata": {},
   "outputs": [
    {
     "name": "stdout",
     "output_type": "stream",
     "text": [
      "Welcome to JupyROOT 6.28/12\n"
     ]
    }
   ],
   "source": [
    "import os,sys\n",
    "import numpy as np\n",
    "#import ROOT"
   ]
  },
  {
   "cell_type": "code",
   "execution_count": 2,
   "metadata": {},
   "outputs": [],
   "source": [
    "values = np.array([1.28121225775791303e+00,9.26752433073161686e-01,2.34814205775936458e+00,1.19256001977170878e+00,2.06809555409070267e+00])"
   ]
  },
  {
   "cell_type": "code",
   "execution_count": 3,
   "metadata": {},
   "outputs": [],
   "source": [
    "testarray = [[4.37913794018177847e-05,-2.70534311853663019e-04,7.68293601191285961e-04,-1.01035963754613244e-06,-6.33620216728098760e-05],\n",
    "[-2.70534311853663019e-04,3.72604389054405870e-03,-1.18219944391336363e-02,-4.50352671609323995e-05,7.55635486379529001e-03],\n",
    "[7.68293601191285961e-04,-1.18219944391336363e-02,4.08349797094741951e-02,1.10370908939183272e-03,-7.19945013816742918e-02],\n",
    "[-1.01035963754613244e-06,-4.50352671609323995e-05,1.10370908939183272e-03,7.35760891367070124e-04,-2.95373032784254745e-02],\n",
    "[-6.33620216728098760e-05,7.55635486379529001e-03,-7.19945013816742918e-02,-2.95373032784254745e-02,1.25567293391937773e+00]]"
   ]
  },
  {
   "cell_type": "code",
   "execution_count": 4,
   "metadata": {},
   "outputs": [
    {
     "name": "stdout",
     "output_type": "stream",
     "text": [
      "[[4.3791379401817785e-05, -0.000270534311853663, 0.000768293601191286, -1.0103596375461324e-06, -6.336202167280988e-05], [-0.000270534311853663, 0.0037260438905440587, -0.011821994439133636, -4.50352671609324e-05, 0.00755635486379529], [0.000768293601191286, -0.011821994439133636, 0.040834979709474195, 0.0011037090893918327, -0.07199450138167429], [-1.0103596375461324e-06, -4.50352671609324e-05, 0.0011037090893918327, 0.0007357608913670701, -0.029537303278425475], [-6.336202167280988e-05, 0.00755635486379529, -0.07199450138167429, -0.029537303278425475, 1.2556729339193777]]\n"
     ]
    }
   ],
   "source": [
    "print (testarray)"
   ]
  },
  {
   "cell_type": "code",
   "execution_count": 5,
   "metadata": {},
   "outputs": [
    {
     "name": "stdout",
     "output_type": "stream",
     "text": [
      "[[ 4.37913794e-05 -2.70534312e-04  7.68293601e-04 -1.01035964e-06\n",
      "  -6.33620217e-05]\n",
      " [-2.70534312e-04  3.72604389e-03 -1.18219944e-02 -4.50352672e-05\n",
      "   7.55635486e-03]\n",
      " [ 7.68293601e-04 -1.18219944e-02  4.08349797e-02  1.10370909e-03\n",
      "  -7.19945014e-02]\n",
      " [-1.01035964e-06 -4.50352672e-05  1.10370909e-03  7.35760891e-04\n",
      "  -2.95373033e-02]\n",
      " [-6.33620217e-05  7.55635486e-03 -7.19945014e-02 -2.95373033e-02\n",
      "   1.25567293e+00]]\n"
     ]
    }
   ],
   "source": [
    "array = np.array(testarray)\n",
    "print (array)"
   ]
  },
  {
   "cell_type": "code",
   "execution_count": 6,
   "metadata": {},
   "outputs": [
    {
     "name": "stdout",
     "output_type": "stream",
     "text": [
      "[1.26067178e+00 4.01482019e-02 1.61243941e-04 2.05007997e-05\n",
      " 1.17791748e-05]\n",
      "[[-8.74959318e-05  2.01652157e-02  2.32586971e-01  9.33246566e-01\n",
      "  -2.73033888e-01]\n",
      " [ 6.55505337e-03 -2.97339440e-01 -8.63730611e-01  1.06839498e-01\n",
      "  -3.92557056e-01]\n",
      " [-5.89842955e-02  9.52662191e-01 -2.68258011e-01  8.20348955e-03\n",
      "  -1.30099749e-01]\n",
      " [-2.34476206e-02 -1.63579944e-02  3.57641272e-01 -3.42785372e-01\n",
      "  -8.68201321e-01]\n",
      " [ 9.97961966e-01  5.78773484e-02 -1.75860638e-03 -8.18899709e-03\n",
      "  -2.55337929e-02]]\n"
     ]
    }
   ],
   "source": [
    "eigvalues,eigvectors = np.linalg.eig(array)\n",
    "print (eigvalues)\n",
    "print (eigvectors)"
   ]
  },
  {
   "cell_type": "code",
   "execution_count": 20,
   "metadata": {},
   "outputs": [
    {
     "name": "stdout",
     "output_type": "stream",
     "text": [
      "[1.28121226 0.92675243 2.34814206 1.19256002 2.06809555]\n",
      "new [1.28110195 0.95217415 2.64135789 2.36907763 1.72388944]\n",
      "new [1.28147543 0.91481479 2.31346483 1.19684943 2.05233509]\n",
      "new [1.28120275 0.92690604 2.3480988  1.19256134 2.06807458]\n",
      "new [1.28121178 0.9267521  2.34814939 1.19255299 2.06807776]\n",
      "new [1.28122401 0.92675311 2.34814204 1.19255992 2.06809525]\n"
     ]
    }
   ],
   "source": [
    "variants = []\n",
    "print (values)\n",
    "for x in range(0,len(values)):\n",
    "    #print (\"vec\",eigvectors[x])\n",
    "    vec = eigvectors[x]\n",
    "    new = eigvectors[x]*eigvalues[x]+values\n",
    "    variants.append(new)\n",
    "    print (\"new\",new)\n"
   ]
  }
 ],
 "metadata": {
  "kernelspec": {
   "display_name": "Python 3",
   "language": "python",
   "name": "python3"
  },
  "language_info": {
   "codemirror_mode": {
    "name": "ipython",
    "version": 3
   },
   "file_extension": ".py",
   "mimetype": "text/x-python",
   "name": "python",
   "nbconvert_exporter": "python",
   "pygments_lexer": "ipython3",
   "version": "3.11.9"
  }
 },
 "nbformat": 4,
 "nbformat_minor": 2
}
